4294967279,107
4294967279,106
4294967279,105
4294967279,114
4294967279,113
4294967279,112
4294967279,111
4294967279,110
4294967279,109
4294967279,108
4294967278,225
4294967294,12
4294967294,104
4294967294,106
4294967294,166
4294967294,24
4294967294,175
4294967294,176
4294967294,1415
4294967279,126
4294967279,125
4294967279,124
4294967279,123
4294967279,122
4294967279,121
4294967279,120
4294967279,119
4294967279,118
4294967279,117
4294967279,116
4294967279,115
4294967278,219
4294967278,217
4294967278,32
4294967278,31
4294967278,30
4294967278,29
4294967278,28
4294967278,27
4294967278,26
4294967278,25
4294967278,24
4294967278,23
4294967278,22
4294967278,21
4294967278,20
4294967278,19
4294967278,18
4294967278,17
4294967278,16
4294967278,15
4294967278,14
4294967278,13
4294967278,12
4294967278,11
4294967278,10
4294967278,9
4294967278,8
4294967278,7
4294967278,6
4294967278,5
4294967278,4
4294967279,132
4294967279,131
4294967279,130
4294967279,129
4294967279,128
4294967279,127
4294967278,212
104,4
4294967278,211
104,3
104,2
104,1
4294967278,209
4294967278,208
103,5
4294967278,205
103,4
103,3
103,2
103,1
4294967279,204
4294967278,523
4294967279,356
102,4
4294967279,201
102,3
102,2
102,1
4294967279,387
4294967294,430
4294967279,199
4294967279,198
4294967278,518
4294967279,197
4294967279,196
4294967278,194
4294967279,195
100,4
4294967279,194
100,3
100,2
100,1
4294967279,323
4294967278,190
4294967278,514
4294967279,319
4294967278,189
99,5
4294967279,189
4294967279,188
99,4
99,3
99,2
99,1
4294967278,317
4294967279,187
4294967294,919
4294967294,906
4294967294,904
4294967279,186
4294967279,185
4294967279,382
4294967279,184
4294967278,181
4294967279,182
4294967278,180
4294967278,179
4294967279,180
4294967279,314
4294967278,315
4294967278,571
4294967279,313
4294967278,548
4294967279,175
4294967279,312
4294967278,546
4294967278,547
4294967279,352
4294967278,314
4294967278,170
4294967278,545
4294967279,351
4294967278,544
4294967279,311
4294967278,313
4294967279,348
4294967279,168
4294967279,349
4294967278,312
4294967278,543
4294967279,345
4294967278,541
4294967278,164
4294967278,542
4294967279,347
4294967278,311
4294967279,309
4294967278,309
4294967278,62
4294967278,61
4294967278,60
4294967278,59
4294967278,58
4294967278,57
4294967278,56
4294967278,55
4294967278,54
4294967278,53
4294967278,52
4294967278,51
4294967278,50
4294967278,49
4294967278,47
4294967278,46
4294967278,44
4294967278,43
4294967278,42
4294967278,41
4294967278,40
4294967278,301
4294967278,39
4294967278,540
4294967278,38
4294967278,37
4294967278,36
4294967278,35
4294967278,34
4294967278,33
4294967279,86
4294967279,85
4294967279,84
4294967279,82
4294967279,79
4294967279,77
4294967279,75
4294967279,74
4294967279,71
4294967279,69
4294967279,68
4294967279,67
4294967279,66
4294967279,65
4294967279,64
4294967279,62
4294967279,61
4294967279,59
4294967279,163
4294967279,307
4294967278,48
4294967278,308
4294967279,305
4294967278,159
97,4
4294967279,160
97,3
97,2
97,1
4294967278,158
4294967279,158
4294967279,304
4294967278,45
4294967278,305
4294967279,157
4294967279,156
4294967279,297
4294967279,154
96,5
4294967279,153
96,4
96,3
96,2
96,1
4294967279,152
4294967279,296
4294967279,150
4294967279,149
4294967279,148
95,4
95,3
95,2
95,1
4294967279,147
4294967279,146
4294967279,145
4294967279,144
4294967279,372
4294967279,143
4294967279,142
4294967279,141
93,4
93,3
93,2
93,1
4294967279,140
4294967279,139
4294967279,274
4294967279,137
92,5
4294967279,135
92,4
4294967279,133
92,3
92,2
92,1
4294967279,272
4294967279,273
4294967279,280
4294967279,281
91,5
4294967279,270
4294967279,269
91,4
91,3
91,2
91,1
4294967279,268
4294967279,285
4294967279,265
4294967279,266
4294967279,264
4294967279,277
4294967279,259
4294967279,370
4294967278,538
4294967278,0
4294967278,566
4294967278,565
4294967278,564
4294967278,533
4294967278,532
4294967278,531
90,4
90,3
90,2
90,1
4294967279,386
4294967279,346
4294967279,0
4294967278,563
4294967278,530
4294967278,529
89,4
4294967278,254
89,3
89,2
89,1
4294967278,252
4294967278,253
4294967278,250
4294967278,248
88,4
88,3
88,2
88,1
4294967278,246
4294967278,245
4294967278,242
4294967294,388
4294967278,240
4294967278,241
4294967278,238
87,5
4294967278,236
87,4
4294967278,234
87,3
87,2
87,1
4294967278,233
4294967278,232
4294967294,409
4294967294,396
4294967294,414
4294967294,422
4294967294,385
4294967294,952
4294967294,179
4294967294,168
4294967294,421
4294967294,183
4294967294,415
4294967294,167
